1 1 96 98
1 2 428 441
1 3 299 318
1 4 393 419
1 5 10 26
1 6 42 56
1 7 186 191
1 8 331 341
1 9 68 82
1 10 273 279
1 11 459 473
1 12 243 250
1 13 153 157
1 14 125 141
1 15 358 374
2 1 99 100
2 2 427 439
2 3 301 319
2 4 393 419
2 5 11 27
2 6 42 57
2 7 186 190
2 8 331 338
2 9 73 77
2 10 273 279
2 11 459 475
2 12 244 251
2 13 154 155
2 14 126 142
2 15 360 375
3 1 336 339
3 2 140 153
3 3 366 378
3 4 300 307
3 5 446 464
3 6 166 178
3 7 395 402
3 8 10 26
3 9 241 248
3 10 193 198
3 11 269 282
3 12 105 123
3 13 41 44
3 14 211 222
3 15 422 434
4 1 335 338
4 2 139 151
4 3 368 378
4 4 300 314
4 5 447 463
4 6 166 176
4 7 395 401
4 8 9 23
4 9 238 243
4 10 192 197
4 11 267 283
4 12 103 117
4 13 39 42
4 14 210 216
4 15 418 434
5 1 334 337
5 2 144 150
5 3 213 221
5 4 177 203
5 5 360 366
5 6 117 124
5 7 67 71
5 8 464 471
5 9 45 50
5 10 91 96
5 11 398 418
5 12 304 314
5 13 430 438
5 14 10 29
5 15 244 257
6 1 335 337
6 2 144 150
6 3 213 222
6 4 177 198
6 5 360 365
6 6 116 122
6 7 67 71
6 8 464 469
6 9 46 49
6 10 92 97
6 11 398 412
6 12 305 319
6 13 430 439
6 14 9 20
6 15 244 256
7 1 164 167
7 2 282 288
7 3 225 229
7 4 306 319
7 5 134 139
7 6 60 68
7 7 34 39
7 8 401 409
7 9 109 117
7 10 8 12
7 11 339 354
7 12 247 259
7 13 78 88
7 14 190 195
7 15 368 385
8 1 165 168
8 2 279 284
8 3 224 232
8 4 308 322
8 5 133 140
8 6 59 66
8 7 34 40
8 8 401 408
8 9 109 116
8 10 8 14
8 11 339 352
8 12 248 259
8 13 78 88
8 14 191 198
8 15 368 385
9 1 442 443
9 2 394 403
9 3 339 348
9 5 276 282
9 6 364 370
9 7 312 318
9 8 84 91
9 9 256 261
9 10 419 423
9 11 160 171
9 12 192 197
9 13 468 474
9 14 45 68
9 15 9 32
10 1 441 442
10 2 392 399
10 3 338 343
10 4 120 125
10 5 276 281
10 6 365 371
10 7 312 317
10 8 83 90
10 9 256 260
10 10 418 422
10 11 160 167
10 12 192 197
10 13 468 476
10 14 45 68
10 15 5 31
11 1 455 456
11 2 396 411
11 3 368 381
11 4 12 38
11 5 46 62
11 6 104 123
11 7 318 323
11 8 243 251
11 9 163 169
11 10 220 224
11 11 283 303
11 12 424 440
11 13 336 344
11 14 133 149
11 15 74 92
12 1 455 457
12 2 397 411
12 3 370 383
12 4 9 35
12 5 46 62
12 6 106 121
12 7 318 323
12 8 243 251
12 9 163 168
12 10 220 225
12 11 283 303
12 12 424 441
12 13 337 344
12 14 133 148
12 15 75 91
13 1 183 187
13 2 431 442
13 3 248 262
13 4 233 241
13 5 68 94
13 6 333 355
13 7 457 460
13 8 482 489
13 9 275 280
13 10 403 407
13 11 0 25
13 12 106 128
13 13 295 311
13 14 368 389
13 15 40 57
14 1 184 190
14 2 433 443
14 3 254 263
14 4 233 239
14 5 73 99
14 6 334 355
14 7 458 461
14 8 482 484
14 9 277 281
14 10 403 408
14 11 10 20
14 12 109 127
14 13 295 319
14 14 367 393
14 15 36 58
15 1 291 294
15 2 115 132
15 3 207 225
15 4 385 403
15 5 417 437
15 6 262 278
15 7 10 15
15 8 452 463
15 9 180 185
15 10 238 244
15 11 42 66
15 12 489 506
15 13 141 149
15 14 353 371
15 15 79 98
16 1 292 296
16 2 114 131
16 3 208 225
16 4 385 410
16 5 417 436
16 6 262 277
16 7 9 12
16 8 452 466
16 9 179 185
16 10 238 242
16 11 41 61
16 12 488 507
16 13 142 147
16 14 353 369
16 15 82 98
17 1 68 88
17 2 264 289
17 3 301 324
17 4 364 384
17 5 465 491
17 6 195 221
17 7 7 20
17 8 98 115
17 9 170 184
17 10 503 518
17 11 403 424
17 12 132 158
17 13 228 243
17 14 332 355
17 15 33 54
18 1 67 87
18 2 267 290
18 3 304 324
18 4 362 385
18 5 465 491
18 6 194 220
18 7 9 21
18 8 97 120
18 9 170 186
18 10 505 519
18 12 131 158
18 13 228 253
18 14 331 357
18 15 40 53
19 1 72 74
19 2 168 180
19 3 420 436
19 4 354 380
19 5 387 395
19 6 139 145
19 7 8 13
19 8 106 112
19 9 198 202
19 10 327 331
19 11 40 50
19 12 272 281
19 13 219 223
19 14 297 311
19 15 246 258
20 1 72 73
20 2 168 180
20 3 419 436
20 4 354 380
20 5 387 400
20 6 138 152
20 7 8 12
20 8 104 111
20 9 198 202
20 10 327 332
20 11 39 49
20 12 272 281
20 13 218 224
20 14 297 312
20 15 246 258
21 1 46 51
21 2 362 372
21 3 171 184
21 4 390 402
21 5 199 211
21 6 231 244
21 7 471 476
21 8 98 104
21 9 425 431
21 10 448 454
21 11 138 152
21 12 261 280
21 13 7 13
21 14 291 299
21 15 69 83
22 1 42 46
22 2 362 372
22 3 172 183
22 4 389 405
22 5 199 212
22 6 231 241
22 7 471 474
22 8 98 104
22 9 424 429
22 10 447 451
22 11 136 152
22 12 261 276
22 13 8 15
22 14 291 298
22 15 70 83
23 1 10 25
23 2 188 203
23 3 463 481
23 4 396 415
23 5 129 147
23 6 365 378
23 7 344 352
23 8 218 230
23 9 45 56
23 10 161 174
23 11 252 267
23 12 68 86
23 13 281 297
23 14 309 328
23 15 99 115
24 1 11 28
24 2 187 203
24 3 464 481
24 4 394 414
24 5 129 146
24 6 364 378
24 7 344 352
24 8 218 230
24 9 45 56
24 10 162 174
24 12 67 85
24 11 251 268
24 13 279 297
24 14 309 328
24 15 98 114
25 1 30 32
25 2 451 466
25 3 388 401
25 4 60 81
25 5 417 431
25 6 334 345
25 7 363 370
25 8 272 276
25 9 8 16
25 10 151 158
25 11 180 197
25 12 302 320
25 13 92 100
25 14 118 135
25 15 239 256
26 1 30 31
26 2 450 460
26 3 386 401
26 4 62 80
26 5 417 432
26 6 336 344
26 7 361 368
26 8 272 276
26 9 8 13
26 10 151 158
26 11 179 194
26 12 302 316
26 13 91 96
26 14 118 129
26 15 240 257
27 1 306 308
27 2 164 174
27 3 274 286
27 4 391 399
27 5 447 463
27 6 417 433
27 7 336 341
27 8 135 141
27 9 249 254
27 10 361 366
27 11 104 120
27 12 195 211
27 13 219 228
27 14 8 24
27 15 68 82
28 1 304 308
28 2 162 178
28 3 273 288
28 4 389 399
28 5 447 460
28 6 414 430
28 7 335 340
28 8 133 142
28 9 249 253
28 10 360 366
28 11 104 119
28 12 193 209
28 13 219 227
28 14 7 23
28 15 67 81
29 1 371 375
29 2 36 59
29 3 131 152
29 5 262 287
29 6 190 216
29 11 321 336
29 7 164 176
29 8 226 247
29 9 401 406
29 10 105 113
29 12 339 357
29 13 68 88
29 4 421 438
29 14 7 25
29 15 485 510
30 1 372 375
30 2 42 60
30 3 144 153
30 4 419 443
30 5 262 276
30 6 188 213
30 7 164 182
30 8 224 238
30 9 400 405
30 10 107 112
30 11 347 358
30 12 296 309
30 13 67 87
30 14 6 25
30 15 483 509
